6 3 [2] 5
7 3 [2,3] 3
8 4 [2] 7
8 3 [2,3] 4
9 3 [3] 4
9 4 [2,3] 4
10 5 [2,3] 9
10 4 [2,3] 4
11 4 [2,3] 4
11 5 [2,3] 5
13 4 [3,4] 4
14 4 [3,4] 4
15 5 [3] 7
15 4 [3,4] 5
16 4 [4] 5
16 5 [3,4] 5
17 5 [3,4] 5
18 6 [3] 8
18 5 [3,4] 5
19 5 [3,4] 5
19 6 [3,4] 6
20 5 [4] 5
21 7 [3] 10
21 5 [4,5] 5
22 5 [4,5] 5
23 5 [4,5] 5
24 8 [3] 11
24 6 [4] 7
24 5 [4,5] 6
25 5 [5] 6
25 6 [4,5] 5
26 6 [4,5] 5
27 9 [3] 13
27 6 [4,5] 5
28 7 [4] 9
28 6 [4,5] 6
29 6 [4,5] 6
29 7 [4,5] 7
30 10 [3] 14
30 6 [5] 6
30 7 [4,5] 7
31 7 [4,5] 7
31 6 [5,6] 3
32 8 [4] 10
32 7 [4,5] 7
32 6 [5,6] 3
33 11 [3] 16
33 7 [4,5] 7
33 8 [4,5] 8
33 6 [5,6] 3
34 7 [4,5] 7
34 8 [4,5] 8
34 6 [5,6] 3
35 7 [5] 7
35 8 [4,5] 8
35 6 [5,6] 3
36 12 [3] 17
36 9 [4] 8
36 6 [6] 3
36 8 [4,5] 8
36 7 [5,6] 7