6 [2] 5
7 [2,3] 3
8 [2] 7
8 [2,3] 4
9 [3] 4
9 [2,3] 4
10 [2,3] 9
10 [2,3] 4
11 [2,3] 4
11 [2,3] 5
13 [3,4] 4
14 [3,4] 4
15 [3] 7
15 [3,4] 5
16 [4] 5
16 [3,4] 5
17 [3,4] 5
18 [3] 8
18 [3,4] 5
19 [3,4] 5
19 [3,4] 6
20 [4] 5
21 [3] 10
21 [4,5] 5
22 [4,5] 5
23 [4,5] 5
24 [3] 11
24 [4] 7
24 [4,5] 6
25 [5] 6
25 [4,5] 5
26 [4,5] 5
27 [3] 13
27 [4,5] 5
28 [4] 9
28 [4,5] 6
29 [4,5] 6
29 [4,5] 7
30 [3] 14
30 [5] 6
30 [4,5] 7
31 [4,5] 7
31 [5,6] 3
32 [4] 10
32 [4,5] 7
32 [5,6] 3
33 [3] 16
33 [4,5] 7
33 [4,5] 8
33 [5,6] 3
34 [4,5] 7
34 [4,5] 8
34 [5,6] 3
35 [5] 7
35 [4,5] 8
35 [5,6] 3
36 [3] 17
36 [4] 8
36 [6] 3
36 [4,5] 8
36 [5,6] 7