
5 4 4
4 3 3
7 2 4
9 2 5
5 4 5
1 3 5
2 3 5
3 3 5
4 3 5
5 3 5
6 3 5
6 4 8

11 4 9
9 4 7

3 2 2
5 3 2
4 3 3
7 4 2
9 5 2
5 4 4
11 6 2
7 6 3
13 7 2
6 5 5
7 7 3
5 8 3
3 6 6
15 8 2
6 7 4
3 8 5
5 7 5
17 9 2
4 7 6
3 9 5
10 9 3
6 9 4
8 10 3
19 10 2
3 9 6
5 10 4
4 8 7
5 10 5
4 9 7
5 3 1
5 3 3
5 3 4
5 3 5
5 3 6
8 4 1
8 4 2
8 4 3
8 4 4
8 4 5
8 4 6
5 3 7
8 4 7
8 4 8
8 4 9
8 4 10
9 4 6
9 4 7
9 4 8
9 4 9
9 4 10


3 2 2
5 3 2
4 3 3
7 4 2
9 5 2
5 4 4
11 6 2
7 6 3
13 7 2
6 5 5
7 7 3
5 8 3
15 8 2
17 9 2
8 10 3
19 10 2
5 3 1
5 3 3
5 3 4
5 3 5
5 3 6
8 4 1
8 4 2
8 4 3
8 4 4
8 4 5
8 4 6
5 3 7
8 4 7
8 4 8
8 4 9
8 4 10
9 4 6
9 4 7
9 4 8
9 4 9
9 4 10

3 6 6
6 7 4
3 8 5
5 7 5
4 7 6
3 9 5
10 9 3
6 9 4
3 9 6
5 10 4
4 8 7
5 10 5
4 9 7
8 10 3

2 2 3
2 3 5
3 3 4
2 4 7
2 5 9
4 4 5
2 6 11
3 6 7
2 7 13
5 5 6
3 7 7
3 8 5
6 6 3
2 8 15
4 7 6
5 8 3
5 7 5
2 9 17
6 7 4
5 5 3
3 9 10
4 9 6
3 10 8
2 10 19
6 9 3
4 10 5
7 8 4
5 10 5
7 9 4
1 3 5
3 3 5
4 3 5
5 3 5
6 3 5
1 4 8
2 4 8
3 4 8
4 4 8
5 4 8
6 4 8
7 3 5
7 4 8
8 4 8
9 4 8
10 4 8
6 4 9
7 4 9
8 4 9
9 4 9
10 4 9

2 2 3
2 3 5
3 3 4
2 4 7
2 5 9
4 4 5
2 6 11
3 6 7
2 7 13
5 5 6
3 7 7
3 8 5
2 8 15
2 9 17
2 10 19
1 3 5
3 3 5
4 3 5
5 3 5
6 3 5
1 4 8
2 4 8
3 4 8
4 4 8
5 4 8
6 4 8
7 3 5
7 4 8
8 4 8
9 4 8
10 4 8
6 4 9
7 4 9
8 4 9
9 4 9
10 4 9

3 2 2
5 3 2
4 3 3
7 4 2
9 5 2
5 4 4
11 6 2
7 6 3
13 7 2
6 5 5
7 7 3
5 8 3
3 6 6
15 8 2
6 7 4
3 8 5
5 7 5
17 9 2
4 7 6
3 9 5
10 9 3
6 9 4
8 10 3
19 10 2
3 9 6
5 10 4
4 8 7
5 10 5
4 9 7
5 3 1
5 3 3
5 3 4
5 3 5
5 3 6
8 4 1
8 4 2
8 4 3
8 4 4
8 4 5
8 4 6
5 3 7
8 4 7
8 4 8
8 4 9
8 4 10
9 4 6
9 4 7
9 4 8
9 4 9
9 4 10
5 5 6
6 6 7
7 7 8
8 8 9
9 9 10
11 11 12
13 13 14

6 [2] 5
7 [2,3] 3
8 [2] 7
8 [2,3] 4
9 [3] 4
9 [2,3] 4
10 [2,3] 9
10 [2,3] 4
11 [2,3] 4
11 [2,3] 5
13 [3,4] 4
14 [3,4] 4
15 [3] 7
15 [3,4] 5
16 [4] 5
16 [3,4] 5
17 [3,4] 5
18 [3] 8
18 [3,4] 5
19 [3,4] 5
19 [3,4] 6
20 [4] 5
21 [3] 10
21 [4,5] 5
22 [4,5] 5
23 [4,5] 5
24 [3] 11
24 [4] 7
24 [4,5] 6
25 [5] 6
25 [4,5] 5
26 [4,5] 5
27 [3] 13
27 [4,5] 5
28 [4] 9
28 [4,5] 6
29 [4,5] 6
29 [4,5] 7
30 [3] 14
30 [5] 6
30 [4,5] 7
31 [4,5] 7
31 [5,6] 3
32 [4] 10
32 [4,5] 7
32 [5,6] 3
33 [3] 16
33 [4,5] 7
33 [4,5] 8
33 [5,6] 3
34 [4,5] 7
34 [4,5] 8
34 [5,6] 3
35 [5] 7
35 [4,5] 8
35 [5,6] 3
36 [3] 17
36 [4] 8
36 [6] 3
36 [4,5] 8
36 [5,6] 7
37 [4,5] 8
37 [4,5] 9
37 [5,6] 7
38 [4,5] 8
38 [4,5] 9
38 [5,6] 7
39 [3] 19
39 [4,5] 8
39 [4,5] 9
39 [5,6] 7
40 [4] 10
40 [5] 8
40 [4,5] 9
40 [5,6] 7